BLITZ_SWEEP_SAVE_V1
5
3955
23
16
16
50
0,1,0,3 1,0,0,0 0,1,0,2 0,1,0,0 0,1,0,1 0,1,0,2 0,1,0,4 1,0,0,0 1,0,0,0 1,0,0,0 0,1,0,2 0,1,0,1 0,1,0,1 0,1,0,1 0,1,0,1 0,1,0,1
1,0,0,0 1,0,0,0 0,1,0,2 0,1,0,0 0,1,0,1 1,0,0,0 1,0,0,0 1,0,0,0 0,1,0,5 1,0,0,0 0,1,0,3 0,1,0,2 1,0,0,0 0,1,0,2 0,1,0,2 1,0,0,0
1,0,0,0 0,1,0,4 0,1,0,2 0,1,0,0 0,1,0,1 0,1,0,2 0,1,0,3 0,1,0,3 0,1,0,3 0,1,0,4 1,0,0,0 0,1,0,3 0,1,0,2 1,0,0,0 0,1,0,2 0,1,0,1
0,1,0,3 1,0,0,0 0,1,0,1 0,1,0,0 0,1,0,0 0,1,0,0 0,1,0,0 0,1,0,1 1,0,0,0 0,1,0,3 1,0,0,0 0,1,0,2 0,1,0,1 0,1,0,2 0,1,0,3 0,1,0,2
1,0,0,0 0,1,0,3 0,1,0,2 0,1,0,1 0,1,0,0 0,1,0,0 0,1,0,0 0,1,0,2 0,1,0,3 0,1,0,4 0,1,0,3 0,1,0,2 0,1,0,2 0,1,0,3 1,0,0,0 1,0,0,0
0,1,0,1 0,1,0,2 1,0,0,0 0,1,0,2 0,1,0,2 0,1,0,2 0,1,0,1 0,1,0,2 1,0,0,0 1,0,0,0 0,1,0,2 1,0,0,0 0,1,0,2 1,0,0,0 1,0,0,0 0,1,0,3
0,1,0,0 0,1,0,1 0,1,0,1 0,1,0,3 1,0,0,0 1,0,0,0 0,1,0,1 0,1,0,3 1,0,0,0 0,1,0,4 0,1,0,2 0,1,0,1 0,1,0,2 0,1,0,2 0,1,0,3 0,1,0,2
0,1,0,0 0,1,0,0 0,1,0,0 0,1,0,2 1,0,0,0 0,1,0,3 0,1,0,1 0,1,0,2 1,0,0,0 0,1,0,3 0,1,0,1 0,1,0,0 0,1,0,0 0,1,0,0 0,1,0,1 1,0,0,0
0,1,0,0 0,1,0,0 0,1,0,0 0,1,0,2 0,1,0,2 0,1,0,2 0,1,0,0 0,1,0,1 0,1,0,2 1,0,0,0 0,1,0,1 0,1,0,0 0,1,0,0 0,1,0,0 0,1,0,1 0,1,0,1
0,1,0,0 0,1,0,0 0,1,0,1 0,1,0,2 1,0,0,0 0,1,0,1 0,1,0,1 0,1,0,1 0,1,0,2 0,1,0,1 0,1,0,1 0,1,0,1 0,1,0,1 0,1,0,1 0,1,0,0 0,1,0,0
0,1,0,0 0,1,0,0 0,1,0,2 1,0,0,0 0,1,0,3 0,1,0,1 0,1,0,1 1,0,0,0 0,1,0,1 0,1,0,0 0,1,0,0 0,1,0,1 1,0,0,0 0,1,0,1 0,1,0,0 0,1,0,0
0,1,0,0 0,1,0,0 0,1,0,2 1,0,0,0 0,1,0,2 0,1,0,0 0,1,0,1 0,1,0,1 0,1,0,1 0,1,0,0 0,1,0,0 0,1,0,2 0,1,0,2 0,1,0,2 0,1,0,0 0,1,0,0
0,1,0,0 0,1,0,0 0,1,0,1 0,1,0,1 0,1,0,1 0,1,0,0 0,1,0,0 0,1,0,0 0,1,0,0 0,1,0,0 0,1,0,1 0,1,0,3 1,0,0,0 0,1,0,2 0,1,0,0 0,1,0,0
0,1,0,0 0,1,0,0 0,1,0,1 0,1,0,1 0,1,0,1 0,1,0,0 0,1,0,0 0,1,0,1 0,1,0,1 0,1,0,2 0,1,0,2 1,0,0,0 1,0,0,0 0,1,0,3 0,1,0,1 0,1,0,1
0,1,0,0 0,1,0,1 0,1,0,2 1,0,0,0 0,1,0,1 0,1,0,0 0,1,0,0 0,1,0,1 1,0,0,0 0,1,0,3 1,0,0,0 0,1,0,5 0,1,0,3 0,1,0,4 1,0,0,0 0,1,0,2
0,1,0,0 0,1,0,1 1,0,0,0 0,1,0,2 0,1,0,1 0,1,0,0 0,1,0,0 0,1,0,1 0,1,0,1 0,1,0,3 1,0,0,0 0,1,0,3 1,0,0,0 0,1,0,3 1,0,0,0 0,1,0,2
